S.No,Symbol,Conf.,Open,High,Low,Close,LTP,Close - LTP,Close - LTP %,VWAP,Vol,Prev. Close,Turnover,Trans.,Diff,Range,Diff %,Range %,VWAP %,52 Weeks High,52 Weeks Low
1,ACLBSL,34.28,501.00,514.00,501.00,506.00,506.00,0.00,0.00,507.33,461.00,510.00,"233,877.00",14,-4.00,13.00,-0.78,2.59,-0.26,906.70,501.00
2,ADBL,40.04,240.00,240.00,235.10,236.00,236.00,0.00,0.00,236.26,"10,646.00",238.00,"2,515,241.80",95,-2.00,4.90,-0.84,2.08,-0.11,355.80,224.00
3,ADBLD83,35.55,"1,008.00","1,008.00","1,008.00","1,008.00","1,008.00",0.00,0.00,"1,008.00",360.00,"1,011.00","362,880.00",3,-3.00,0.00,-0.30,0.00,0.00,"1,144.00",865.10
4,AHL,34.94,332.00,357.00,331.00,340.60,340.60,0.00,0.00,336.91,"3,972.00",337.00,"1,338,216.20",85,3.60,26.00,1.07,7.85,1.08,480.90,273.10
5,AHPC,46.64,203.00,207.20,203.00,207.20,207.20,0.00,0.00,204.30,"7,820.00",201.50,"1,597,639.30",46,5.70,4.20,2.83,2.07,1.40,364.00,190.00
6,AKJCL,33.28,149.00,149.00,144.20,145.30,145.30,0.00,0.00,145.29,"8,272.00",147.70,"1,201,799.30",53,-2.40,4.80,-1.62,3.33,0.01,262.00,141.30
7,AKPL,43.94,160.90,160.90,154.50,157.50,157.50,0.00,0.00,155.58,"79,129.00",158.00,"12,310,753.00",316,-0.50,6.40,-0.32,4.14,1.22,460.90,152.40
8,ALBSL,45.01,564.00,565.00,545.00,563.00,563.00,0.00,0.00,557.04,"2,554.00",555.00,"1,422,682.00",75,8.00,20.00,1.44,3.67,1.06,"1,158.90",543.00
9,ALICL,38.69,620.00,626.00,613.10,625.00,625.00,0.00,0.00,621.75,"4,168.00",618.00,"2,591,448.40",46,7.00,12.90,1.13,2.10,0.52,812.00,493.00
10,ANLB,41.73,"1,570.00","1,588.00","1,562.20","1,587.00","1,587.00",0.00,0.00,"1,573.51",340.00,"1,570.00","534,993.00",18,17.00,25.80,1.08,1.65,0.85,"2,651.00",403.80
11,API,53.22,156.00,159.00,155.00,159.00,159.00,0.00,0.00,157.18,"132,396.00",157.40,"20,810,124.20",317,1.60,4.00,1.02,2.58,1.14,315.00,154.70
12,AVYAN,28.87,590.00,600.00,579.20,596.80,596.80,0.00,0.00,588.11,660.00,600.00,"388,152.00",46,-3.20,20.80,-0.53,3.59,1.46,837.50,549.00
13,BARUN,46.27,217.00,217.00,207.00,209.90,209.90,0.00,0.00,209.35,"1,576.00",213.00,"329,939.50",30,-3.10,10.00,-1.46,4.83,0.26,300.00,190.30
14,BBC,37.45,"3,478.80","3,680.00","3,478.80","3,548.30","3,548.30",0.00,0.00,"3,594.92",386.00,"3,410.60","1,387,640.00",27,137.70,201.20,4.04,5.78,-1.31,"4,539.00","3,050.00"
15,BEDC,26.83,207.00,211.00,204.10,208.00,208.00,0.00,0.00,207.99,"3,239.00",211.00,"673,675.30",93,-3.00,6.90,-1.42,3.38,0.01,326.30,170.00
16,BFC,34.94,285.00,292.70,285.00,289.00,289.00,0.00,0.00,288.56,"4,606.00",287.00,"1,329,085.00",24,2.00,7.70,0.70,2.70,0.15,406.00,284.00
17,BGWT,44.55,417.10,435.00,417.10,434.70,434.70,0.00,0.00,428.05,"9,610.00",425.00,"4,113,518.60",228,9.70,17.90,2.28,4.29,1.53,462.00,352.00
18,BHDC,32.54,334.00,336.60,323.40,330.00,330.00,0.00,0.00,327.04,"2,250.00",330.00,"735,844.10",62,0.00,13.20,0.00,4.08,0.90,468.90,286.50
19,BHL,27.78,204.00,205.00,200.00,203.00,203.00,0.00,0.00,202.96,680.00,204.00,"138,016.00",38,-1.00,5.00,-0.49,2.50,0.02,394.70,192.70
20,BHPL,38.97,406.00,406.00,385.10,399.00,399.00,0.00,0.00,387.91,"1,034.00",399.00,"401,099.00",27,0.00,20.90,0.00,5.43,2.78,677.20,194.30
21,BNHC,25.84,328.30,341.50,318.10,320.40,320.40,0.00,0.00,327.82,"2,383.00",334.90,"781,192.10",52,-14.50,23.40,-4.33,7.36,-2.32,484.70,270.10
22,BNT,47.03,"11,555.00","11,590.00","11,360.00","11,500.00","11,500.00",0.00,0.00,"11,481.80",100.00,"11,380.00","1,148,180.00",10,120.00,230.00,1.05,2.02,0.16,"16,200.00","10,500.00"
23,BPCL,29.64,295.20,298.70,295.20,296.50,296.50,0.00,0.00,296.05,"1,832.00",297.30,"542,370.50",27,-0.80,3.50,-0.27,1.19,0.15,368.50,292.10
24,BPW,25.65,971.00,971.00,952.00,952.00,952.00,0.00,0.00,964.67,30.00,971.00,"28,940.00",3,-19.00,19.00,-1.96,2.00,-1.33,"1,710.00",233.10
25,C30MF,48.94,7.71,7.94,7.71,7.94,7.94,0.00,0.00,7.79,500.00,7.86,"3,894.00",5,0.08,0.23,1.02,2.98,1.91,10.00,7.61
26,CBBL,37.21,902.00,907.00,890.00,904.00,904.00,0.00,0.00,899.01,"6,568.00",899.90,"5,904,727.80",75,4.10,17.00,0.46,1.91,0.55,"1,303.00",727.00
27,CBLD88,55.04,992.00,"1,005.00",991.20,"1,005.00","1,005.00",0.00,0.00,992.64,290.00,999.00,"287,867.00",4,6.00,13.80,0.60,1.39,1.23,"1,024.00",813.00
28,CFCL,43.34,309.00,315.00,309.00,313.00,313.00,0.00,0.00,310.26,"1,154.00",313.00,"358,038.00",17,0.00,6.00,0.00,1.94,0.88,423.00,275.50
29,CGH,35.77,996.00,"1,017.00",987.30,"1,010.00","1,010.00",0.00,0.00,998.98,"3,750.00","1,007.00","3,746,186.20",117,3.00,29.70,0.30,3.01,1.09,"1,520.00",979.00
30,CHCL,30.51,480.00,489.60,471.00,472.30,472.30,0.00,0.00,474.11,"6,098.00",480.00,"2,891,106.20",67,-7.70,18.60,-1.60,3.95,-0.38,594.00,350.10
31,CHDC,38.07,876.00,897.90,876.00,895.90,895.90,0.00,0.00,891.17,"9,297.00",889.00,"8,285,251.40",113,6.90,21.90,0.78,2.50,0.53,"1,103.00",625.00
32,CHL,25.38,207.00,208.00,206.00,207.90,207.90,0.00,0.00,206.92,"1,729.00",211.00,"357,769.00",18,-3.10,2.00,-1.47,0.97,0.47,370.00,194.10
33,CIT,31.54,"1,960.00","1,960.00","1,947.00","1,950.00","1,950.00",0.00,0.00,"1,950.09","3,147.00","1,954.00","6,136,933.80",96,-4.00,13.00,-0.20,0.67,0.00,"2,704.00","1,829.60"
34,CITY,30.95,540.20,556.00,540.20,547.00,547.00,0.00,0.00,549.72,"6,350.00",551.10,"3,490,708.00",106,-4.10,15.80,-0.74,2.92,-0.50,782.50,111.10
35,CLI,50.93,461.00,482.00,458.30,482.00,482.00,0.00,0.00,471.46,"122,992.00",461.00,"57,985,795.60","3,132",21.00,23.70,4.56,5.17,2.19,508.00,375.00
36,CMF1,33.39,7.89,8.04,7.89,8.04,8.04,0.00,0.00,7.95,475.00,8.05,"3,774.00",2,-0.01,0.15,-0.12,1.90,1.18,9.40,6.75
37,CMF2,22.56,7.32,7.32,7.32,7.32,7.32,0.00,0.00,7.32,100.00,7.18,732.00,1,0.14,0.00,1.95,0.00,0.00,10.39,6.81
38,CORBL,53.33,332.00,336.50,325.50,327.00,327.00,0.00,0.00,331.59,"6,528.00",325.60,"2,164,624.00",29,1.40,11.00,0.43,3.38,-1.40,400.00,258.00
39,CYCL,40.47,943.00,943.00,882.00,895.30,895.30,0.00,0.00,903.77,"3,560.00",935.00,"3,217,430.80",112,-39.70,61.00,-4.25,6.92,-0.95,"2,734.80",882.00
40,CZBIL,36.87,160.00,163.00,159.80,160.80,160.80,0.00,0.00,160.43,"10,679.00",160.90,"1,713,242.50",63,-0.10,3.20,-0.06,2.00,0.23,224.00,158.90
41,DDBL,49.27,685.60,685.60,665.00,684.00,684.00,0.00,0.00,673.96,"2,510.00",683.00,"1,691,643.20",38,1.00,20.60,0.15,3.10,1.47,"1,178.00",606.70
42,DHPL,35.02,139.90,145.30,138.00,138.00,138.00,0.00,0.00,139.70,"6,854.00",139.50,"957,531.40",41,-1.50,7.30,-1.08,5.29,-1.23,262.00,134.00
43,DLBS,55.04,600.00,649.30,600.00,627.20,627.20,0.00,0.00,630.51,"2,199.00",594.00,"1,386,493.00",57,33.20,49.30,5.59,8.22,-0.53,"1,662.00",328.20
44,DOLTI,45.80,210.00,212.00,208.10,212.00,212.00,0.00,0.00,209.71,"1,747.00",212.00,"366,357.00",76,0.00,3.90,0.00,1.87,1.08,311.00,177.40
45,DORDI,39.02,201.00,206.00,201.00,206.00,206.00,0.00,0.00,203.68,"2,820.00",204.30,"574,383.50",79,1.70,5.00,0.83,2.49,1.13,351.90,191.60
46,EBL,33.36,477.00,479.00,464.00,470.00,470.00,0.00,0.00,469.91,"11,956.00",470.00,"5,618,300.30",94,0.00,15.00,0.00,3.23,0.02,633.00,421.50
47,EDBL,45.63,304.60,306.00,300.00,300.00,300.00,0.00,0.00,302.49,"3,092.00",298.70,"935,297.00",20,1.30,6.00,0.44,2.00,-0.83,396.00,266.40
48,EHPL,35.30,313.00,316.40,304.60,316.40,316.40,0.00,0.00,308.91,"2,928.00",314.00,"904,480.00",43,2.40,11.80,0.76,3.87,2.37,508.00,216.00
49,ENL,25.92,784.00,843.60,784.00,826.80,826.80,0.00,0.00,807.42,131.00,795.00,"105,772.00",13,31.80,59.60,4.00,7.60,2.34,"1,060.00",542.20
50,FMDBL,48.23,570.00,585.40,567.10,585.00,585.00,0.00,0.00,578.66,"4,709.00",574.00,"2,724,896.90",38,11.00,18.30,1.92,3.23,1.08,781.00,497.20
51,FOWAD,39.16,990.00,999.00,986.00,993.00,993.00,0.00,0.00,994.08,"1,154.00",988.00,"1,147,166.60",28,5.00,13.00,0.51,1.32,-0.11,"2,679.50",974.00
52,GBBD85,42.13,831.30,831.30,826.30,826.30,826.30,0.00,0.00,829.43,40.00,815.00,"33,177.00",3,11.30,5.00,1.39,0.61,-0.38,"1,000.00",744.10
53,GBBL,28.67,368.00,368.90,361.20,365.50,365.50,0.00,0.00,365.18,"3,090.00",366.10,"1,128,410.80",40,-0.60,7.70,-0.16,2.13,0.09,419.00,330.00
54,GBIME,35.84,190.00,190.50,187.00,190.50,190.50,0.00,0.00,188.18,"51,139.00",190.00,"9,623,547.70",329,0.50,3.50,0.26,1.87,1.22,241.90,176.00
55,GBLBS,52.96,440.00,450.00,438.00,450.00,450.00,0.00,0.00,444.28,"5,906.00",446.90,"2,623,905.50",35,3.10,12.00,0.69,2.74,1.27,760.00,427.00
56,GCIL,36.16,410.00,421.00,405.00,410.00,410.00,0.00,0.00,411.67,"34,167.00",416.90,"14,065,553.10",559,-6.90,16.00,-1.66,3.95,-0.41,581.40,363.10
57,GFCL,26.45,391.10,399.00,391.10,395.50,395.50,0.00,0.00,394.82,"1,957.00",398.90,"772,662.40",15,-3.40,7.90,-0.85,2.02,0.17,565.00,375.00
58,GHL,38.68,123.00,123.30,121.00,122.90,122.90,0.00,0.00,122.25,"9,279.00",122.00,"1,134,389.70",76,0.90,2.30,0.74,1.90,0.53,309.00,120.00
59,GIBF1,37.91,7.25,7.44,7.25,7.44,7.44,0.00,0.00,7.39,"1,800.00",7.30,"13,308.00",8,0.14,0.19,1.92,2.62,0.63,9.70,7.20
60,GILB,47.52,795.50,858.00,752.00,858.00,858.00,0.00,0.00,778.49,"1,687.00",780.00,"1,313,319.60",47,78.00,106.00,10.00,14.10,9.27,"1,392.00",665.10
61,GLBSL,32.81,590.20,591.10,590.20,590.60,590.60,0.00,0.00,590.83,71.00,601.10,"41,949.10",4,-10.50,0.90,-1.75,0.15,-0.04,"1,011.20",590.20
62,GLH,45.91,204.50,204.50,199.50,202.90,202.90,0.00,0.00,202.66,"3,785.00",202.20,"767,087.00",57,0.70,5.00,0.35,2.51,0.12,370.00,194.60
63,GMFBS,53.50,657.00,722.00,657.00,722.00,722.00,0.00,0.00,671.93,198.00,670.00,"133,043.00",11,52.00,65.00,7.76,9.89,6.93,981.00,641.00
64,GMFIL,45.96,324.00,330.00,318.00,325.00,325.00,0.00,0.00,320.74,"4,678.00",326.00,"1,500,424.00",28,-1.00,12.00,-0.31,3.77,1.31,427.00,277.00
65,GRDBL,30.34,294.70,299.80,286.10,294.90,294.90,0.00,0.00,293.95,"1,076.00",289.00,"316,290.20",20,5.90,13.70,2.04,4.79,0.32,351.00,0.00
66,GUFL,36.40,496.80,509.60,496.80,501.90,501.90,0.00,0.00,501.14,"17,005.00",506.90,"8,521,846.40",74,-5.00,12.80,-0.99,2.58,0.15,652.00,454.00
67,GVL,38.75,337.30,352.90,337.30,349.90,349.90,0.00,0.00,348.50,"8,152.00",343.00,"2,840,994.90",126,6.90,15.60,2.01,4.62,0.40,511.00,290.00
68,HATHY,37.19,419.50,440.70,419.50,439.00,439.00,0.00,0.00,435.12,"51,902.00",428.00,"22,583,764.30",561,11.00,21.20,2.57,5.05,0.88,449.00,279.50
69,HBL,46.40,197.50,199.90,196.10,198.50,198.50,0.00,0.00,197.76,"11,914.00",199.80,"2,356,132.60",87,-1.30,3.80,-0.65,1.94,0.37,369.30,193.00
70,HBLD83,38.37,"1,040.00","1,040.00","1,000.00","1,000.00","1,000.00",0.00,0.00,"1,016.31",260.00,"1,060.00","264,240.00",4,-60.00,40.00,-5.66,4.00,-1.63,"1,081.60","1,000.00"
71,HDHPC,47.42,121.70,123.70,120.70,121.50,121.50,0.00,0.00,121.87,"54,841.00",122.50,"6,683,299.60",178,-1.00,3.00,-0.82,2.49,-0.30,264.00,116.00
72,HDL,38.32,"1,600.00","1,600.00","1,570.00","1,577.90","1,577.90",0.00,0.00,"1,578.61","9,785.00","1,577.00","15,446,704.50",289,0.90,30.00,0.06,1.91,-0.05,"4,100.00","1,540.00"
73,HEI,38.07,523.00,523.00,509.00,512.00,512.00,0.00,0.00,511.60,"12,050.00",514.00,"6,164,753.50",49,-2.00,14.00,-0.39,2.75,0.08,661.00,351.00
74,HHL,54.43,201.40,209.00,201.40,209.00,209.00,0.00,0.00,204.68,"9,731.00",205.40,"1,991,740.30",95,3.60,7.60,1.75,3.77,2.07,322.00,170.30
75,HIDCL,41.76,156.00,157.00,155.70,156.60,156.60,0.00,0.00,156.30,"28,652.00",157.00,"4,478,272.70",162,-0.40,1.30,-0.25,0.83,0.19,240.00,154.00
76,HIDCLP,47.18,99.60,100.00,98.30,99.90,99.90,0.00,0.00,99.50,"40,217.00",99.00,"4,001,408.10",47,0.90,1.70,0.91,1.73,0.40,126.40,95.30
77,HLBSL,46.76,539.90,539.90,519.10,539.90,539.90,0.00,0.00,526.00,"5,907.00",550.90,"3,107,058.20",76,-11.00,20.80,-2.00,4.01,2.58,"1,018.00",519.10
78,HLI,43.93,408.00,420.00,408.00,414.90,414.90,0.00,0.00,413.40,"44,847.00",408.00,"18,539,970.90",404,6.90,12.00,1.69,2.94,0.36,574.00,350.00
79,HPPL,40.36,205.00,209.10,201.00,202.00,202.00,0.00,0.00,203.23,"4,339.00",201.00,"881,802.30",26,1.00,8.10,0.50,4.03,-0.61,365.00,199.00
80,HURJA,38.68,215.00,215.00,212.10,213.70,213.70,0.00,0.00,213.28,"1,272.00",213.90,"271,293.90",15,-0.20,2.90,-0.09,1.37,0.20,443.40,190.50
81,ICFC,29.64,438.10,445.00,438.00,440.10,440.10,0.00,0.00,441.77,"3,319.00",440.00,"1,466,236.90",39,0.10,7.00,0.02,1.60,-0.38,552.00,391.00
82,IGI,47.06,471.40,487.90,471.40,481.00,481.00,0.00,0.00,482.12,"20,485.00",480.00,"9,876,292.80",89,1.00,16.50,0.21,3.50,-0.23,615.00,378.20
83,IHL,38.32,229.30,234.00,227.10,231.00,231.00,0.00,0.00,229.74,"2,674.00",233.90,"614,324.70",85,-2.90,6.90,-1.24,3.04,0.55,352.90,200.20
84,ILBS,42.81,561.00,567.90,537.00,555.10,555.10,0.00,0.00,547.66,"2,812.00",570.00,"1,540,027.00",39,-14.90,30.90,-2.61,5.75,1.34,"1,048.00",537.00
85,ILI,51.53,509.00,523.00,503.00,518.00,518.00,0.00,0.00,517.51,"103,901.00",509.90,"53,770,226.30","1,579",8.10,20.00,1.59,3.98,0.09,640.60,444.00
86,JALPA,41.15,958.80,958.80,921.20,950.00,950.00,0.00,0.00,931.49,365.00,940.00,"339,994.70",18,10.00,37.60,1.06,4.08,1.95,"3,570.00",920.00
87,JBBL,40.18,267.10,272.90,267.10,270.00,270.00,0.00,0.00,270.01,"13,178.00",270.90,"3,558,171.00",72,-0.90,5.80,-0.33,2.17,0.00,357.00,249.10
88,JBLB,42.54,"1,234.00","1,234.00","1,218.10","1,223.00","1,223.00",0.00,0.00,"1,222.13","2,226.00","1,234.00","2,720,465.40",83,-11.00,15.90,-0.89,1.31,0.07,"2,990.60","1,218.10"
89,JFL,46.42,330.00,333.00,330.00,330.00,330.00,0.00,0.00,331.00,"1,565.00",333.50,"518,021.90",13,-3.50,3.00,-1.05,0.91,-0.30,484.50,316.70
90,JOSHI,44.03,188.00,191.70,185.00,185.60,185.60,0.00,0.00,186.89,"1,883.00",188.10,"351,921.80",31,-2.50,6.70,-1.33,3.62,-0.70,318.00,178.30
91,JSLBB,43.22,798.00,813.00,798.00,810.00,810.00,0.00,0.00,801.69,325.00,797.20,"260,550.00",6,12.80,15.00,1.61,1.88,1.03,"1,759.00",785.00
92,KBL,39.86,149.00,151.00,149.00,149.60,149.60,0.00,0.00,150.12,"33,130.00",150.80,"4,973,357.60",149,-1.20,2.00,-0.80,1.34,-0.35,211.60,149.00
93,KBLD86,31.21,"1,020.00","1,020.00","1,008.00","1,008.00","1,008.00",0.00,0.00,"1,018.67",225.00,"1,027.70","229,200.00",2,-19.70,12.00,-1.92,1.19,-1.06,"1,106.50",837.10
94,KBSH,43.46,751.00,751.00,750.10,750.10,750.10,0.00,0.00,750.38,140.00,761.00,"105,053.00",6,-10.90,0.90,-1.43,0.12,-0.04,969.00,479.00
95,KDBY,43.62,7.70,8.00,7.69,7.85,7.85,0.00,0.00,7.94,"10,125.00",7.85,"80,367.75",25,0.00,0.31,0.00,4.03,-1.12,10.43,7.24
96,KDL,36.77,763.00,789.00,762.00,785.00,785.00,0.00,0.00,770.78,"1,403.00",778.00,"1,081,404.70",73,7.00,27.00,0.90,3.54,1.81,"1,102.00",134.40
97,KEF,29.57,7.35,7.35,7.17,7.33,7.33,0.00,0.00,7.32,"2,650.00",7.41,"19,390.00",14,-0.08,0.18,-1.08,2.51,0.18,10.35,6.91
98,KKHC,43.52,177.00,183.60,172.90,180.00,180.00,0.00,0.00,177.08,"3,451.00",180.00,"611,089.00",31,0.00,10.70,0.00,6.19,1.62,288.00,158.00
99,KLBSL,36.84,679.00,679.00,657.00,670.00,670.00,0.00,0.00,667.42,130.00,670.00,"86,765.00",11,0.00,22.00,0.00,3.35,0.38,"1,054.10",539.00
100,KMCDB,45.94,540.00,560.30,540.00,560.30,560.30,0.00,0.00,548.97,"1,084.00",550.00,"595,088.30",23,10.30,20.30,1.87,3.76,2.02,"1,127.00",526.00
101,KPCL,33.88,306.50,307.00,301.00,307.00,307.00,0.00,0.00,303.56,"1,841.00",312.70,"558,861.50",20,-5.70,6.00,-1.82,1.99,1.12,432.00,272.40
102,KRBL,38.74,276.50,282.00,271.00,282.00,282.00,0.00,0.00,274.77,"4,828.00",279.90,"1,326,572.80",30,2.10,11.00,0.75,4.06,2.57,339.00,234.10
103,KSBBL,30.09,288.10,295.00,288.10,291.00,291.00,0.00,0.00,293.00,"6,596.00",293.40,"1,932,606.90",29,-2.40,6.90,-0.82,2.40,-0.69,381.00,275.00
104,LBBL,33.13,387.40,387.40,375.00,381.60,381.60,0.00,0.00,378.47,"14,918.00",379.90,"5,645,981.90",57,1.70,12.40,0.45,3.31,0.82,454.00,305.00
105,LEC,47.78,145.00,148.00,141.00,145.00,145.00,0.00,0.00,145.14,"39,108.00",145.00,"5,676,275.90",181,0.00,7.00,0.00,4.96,-0.10,318.00,138.00
106,LICN,34.81,"1,395.00","1,400.00","1,388.00","1,400.00","1,400.00",0.00,0.00,"1,394.37","1,248.00","1,399.90","1,740,177.50",20,0.10,12.00,0.01,0.86,0.40,"1,800.00","1,238.00"
107,LLBS,46.77,624.30,644.00,624.30,638.00,638.00,0.00,0.00,631.81,106.00,637.00,"66,972.00",5,1.00,19.70,0.16,3.16,0.97,"1,357.00",580.00
108,LSL,34.85,176.00,178.50,176.00,176.50,176.50,0.00,0.00,176.93,"5,697.00",178.00,"1,007,978.00",36,-1.50,2.50,-0.84,1.42,-0.24,196.80,172.10
109,LUK,30.54,7.95,7.95,7.80,7.80,7.80,0.00,0.00,7.80,"6,100.00",7.87,"47,597.50",4,-0.07,0.15,-0.89,1.92,-0.04,9.61,7.49
110,LVF2,34.67,7.60,7.62,7.45,7.48,7.48,0.00,0.00,7.52,"4,100.00",7.63,"30,844.00",12,-0.15,0.17,-1.97,2.28,-0.57,10.00,7.09
111,MAKAR,38.49,234.00,241.90,229.40,238.00,238.00,0.00,0.00,232.73,"4,105.00",238.00,"955,357.50",120,0.00,12.50,0.00,5.45,2.21,351.00,213.10
112,MANDU,31.45,495.00,504.00,481.00,485.00,485.00,0.00,0.00,488.61,"15,690.00",486.00,"7,666,260.80",270,-1.00,23.00,-0.21,4.78,-0.74,545.00,373.20
113,MBJC,29.92,256.20,262.30,256.20,257.60,257.60,0.00,0.00,259.44,"3,633.00",261.00,"942,557.00",216,-3.40,6.10,-1.30,2.38,-0.72,363.00,203.40
114,MBL,43.14,186.00,186.00,179.00,183.00,183.00,0.00,0.00,180.41,"119,216.00",184.00,"21,507,215.10",214,-1.00,7.00,-0.54,3.91,1.42,283.00,179.00
115,MBLD2085,45.53,"1,030.00","1,030.00","1,030.00","1,030.00","1,030.00",0.00,0.00,"1,030.00",20.00,"1,050.50","20,600.00",1,-20.50,0.00,-1.95,0.00,0.00,"1,116.00",900.10
116,MCHL,34.80,233.00,242.00,229.00,240.00,240.00,0.00,0.00,233.64,"8,290.00",233.00,"1,936,913.00",149,7.00,13.00,3.00,5.68,2.65,307.00,165.20
117,MDB,45.78,398.00,399.50,393.50,398.00,398.00,0.00,0.00,395.72,"1,234.00",396.00,"488,323.40",16,2.00,6.00,0.51,1.52,0.57,441.00,350.30
118,MEHL,52.53,197.10,205.00,197.10,203.90,203.90,0.00,0.00,202.25,"10,953.00",199.60,"2,215,231.10",302,4.30,7.90,2.15,4.01,0.81,272.20,175.00
119,MEL,30.56,160.80,167.00,160.80,166.00,166.00,0.00,0.00,162.95,"10,650.00",164.00,"1,735,382.00",475,2.00,6.20,1.22,3.86,1.84,275.40,149.00
120,MEN,37.34,443.50,462.00,434.70,462.00,462.00,0.00,0.00,446.58,"138,829.00",434.90,"61,997,604.70",614,27.10,27.30,6.23,6.28,3.34,"1,092.00",429.90
121,MERO,41.19,471.00,471.00,463.30,466.00,466.00,0.00,0.00,466.48,"1,802.00",479.00,"840,589.80",43,-13.00,7.70,-2.71,1.66,-0.10,945.00,463.30
122,MFIL,32.39,500.00,507.90,496.00,500.00,500.00,0.00,0.00,501.18,"11,631.00",500.00,"5,829,171.50",63,0.00,11.90,0.00,2.40,-0.24,587.00,367.10
123,MFILPO,48.46,285.00,285.00,285.00,285.00,285.00,0.00,0.00,285.00,"19,437.00",285.00,"5,539,545.00",1,0.00,0.00,0.00,0.00,0.00,285.00,285.00
124,MFLD85,42.25,918.30,918.30,918.30,918.30,918.30,0.00,0.00,918.30,25.00,937.00,"22,957.50",1,-18.70,0.00,-2.00,0.00,0.00,"1,015.00",808.00
125,MHCL,50.92,221.60,243.70,221.60,243.70,243.70,0.00,0.00,233.44,"38,786.00",226.00,"9,054,248.20",446,17.70,22.10,7.83,9.97,4.21,274.40,141.00
126,MHL,46.78,336.20,377.30,336.20,370.00,370.00,0.00,0.00,344.74,"18,075.00",343.00,"6,231,116.00",156,27.00,41.10,7.87,12.22,6.83,418.10,242.10
127,MHNL,27.96,185.10,186.60,180.60,184.00,184.00,0.00,0.00,181.05,"3,970.00",183.00,"718,775.10",17,1.00,6.00,0.55,3.32,1.60,356.90,169.00
128,MKHC,37.82,204.00,208.00,196.10,198.90,198.90,0.00,0.00,196.99,"3,718.00",200.00,"732,422.60",118,-1.10,11.90,-0.55,6.07,0.96,367.50,174.40
129,MKHL,48.48,245.20,255.00,245.20,255.00,255.00,0.00,0.00,250.81,"5,510.00",250.00,"1,381,943.50",128,5.00,9.80,2.00,4.00,1.64,335.00,224.00
130,MKJC,36.46,333.10,335.00,329.10,329.20,329.20,0.00,0.00,333.06,"1,011.00",339.50,"336,728.10",17,-10.30,5.90,-3.03,1.79,-1.17,554.00,293.20
131,MKLB,40.09,527.00,546.80,526.20,546.80,546.80,0.00,0.00,530.73,286.00,536.10,"151,787.50",15,10.70,20.60,2.00,3.91,2.94,"1,050.00",526.20
132,MLBBL,36.31,692.20,692.20,670.00,674.00,674.00,0.00,0.00,679.20,402.00,706.30,"273,040.00",10,-32.30,22.20,-4.57,3.31,-0.77,"1,249.00",657.00
133,MLBL,32.66,304.80,304.80,295.00,296.00,296.00,0.00,0.00,296.63,"13,159.00",299.00,"3,903,408.80",78,-3.00,9.80,-1.00,3.32,-0.21,388.90,281.00
134,MLBS,43.84,595.00,595.00,591.00,591.00,591.00,0.00,0.00,592.55,110.00,606.60,"65,180.00",7,-15.60,4.00,-2.57,0.68,-0.26,"1,256.00",570.10
135,MLBSL,42.53,"1,593.20","1,593.20","1,535.00","1,559.00","1,559.00",0.00,0.00,"1,556.39",363.00,"1,562.00","564,970.30",23,-3.00,58.20,-0.19,3.79,0.17,"4,329.60","1,535.00"
136,MMF1,51.68,6.90,7.24,6.90,7.24,7.24,0.00,0.00,7.00,"57,747.00",6.97,"404,221.00",29,0.27,0.34,3.87,4.93,3.32,8.65,6.65
137,MMFDB,47.06,484.90,495.70,481.30,495.70,495.70,0.00,0.00,484.98,"1,552.00",485.20,"752,689.90",70,10.50,14.40,2.16,2.99,2.16,"1,026.00",481.30
138,MMKJL,32.70,275.50,280.00,275.50,279.90,279.90,0.00,0.00,277.70,"6,695.00",281.00,"1,859,199.00",383,-1.10,4.50,-0.39,1.63,0.79,299.90,225.00
139,MNBBL,29.99,375.30,377.50,375.00,376.00,376.00,0.00,0.00,375.57,"5,798.00",375.30,"2,177,554.50",77,0.70,2.50,0.19,0.67,0.11,480.00,368.10
140,MPFL,39.69,277.00,279.00,274.60,279.00,279.00,0.00,0.00,276.32,"8,388.00",275.00,"2,317,738.00",32,4.00,4.40,1.45,1.60,0.96,430.00,261.00
141,MSHL,28.33,336.00,340.00,336.00,336.70,336.70,0.00,0.00,337.26,"2,510.00",342.00,"846,519.00",100,-5.30,4.00,-1.55,1.19,-0.17,394.50,294.20
142,MSLB,48.12,726.70,740.00,726.70,739.80,739.80,0.00,0.00,736.13,140.00,741.50,"103,058.00",4,-1.70,13.30,-0.23,1.83,0.50,"1,280.00",658.60
143,NABBC,40.99,359.90,359.90,343.00,359.90,359.90,0.00,0.00,346.20,561.00,355.90,"194,215.50",8,4.00,16.90,1.12,4.93,3.81,500.00,336.00
144,NABIL,40.97,508.00,509.00,500.00,505.00,505.00,0.00,0.00,502.45,"23,989.00",502.10,"12,053,221.10",301,2.90,9.00,0.58,1.80,0.51,900.60,498.00
145,NADEP,51.82,480.00,482.30,471.00,482.00,482.00,0.00,0.00,475.50,"1,552.00",477.00,"737,979.40",52,5.00,11.30,1.05,2.40,1.35,"1,011.00",455.00
146,NBF2,29.45,7.17,7.30,7.17,7.17,7.17,0.00,0.00,7.19,"2,425.00",7.03,"17,426.25",4,0.14,0.13,1.99,1.81,-0.22,9.55,7.03
147,NBF3,32.60,7.00,7.14,6.94,7.14,7.14,0.00,0.00,7.00,"14,184.00",7.14,"99,289.70",20,0.00,0.20,0.00,2.88,1.96,8.25,6.74
148,NBL,39.99,236.20,238.00,234.00,235.00,235.00,0.00,0.00,235.16,"29,299.00",236.00,"6,889,881.60",198,-1.00,4.00,-0.42,1.71,-0.07,307.00,234.00
149,NBLD85,45.38,860.00,860.00,860.00,860.00,860.00,0.00,0.00,860.00,10.00,844.00,"8,600.00",1,16.00,0.00,1.90,0.00,0.00,860.00,730.00
150,NBLD87,38.93,816.00,832.30,816.00,832.30,832.30,0.00,0.00,824.15,50.00,832.00,"41,207.50",2,0.30,16.30,0.04,2.00,0.98,869.00,711.00
151,NESDO,42.32,"1,422.00","1,440.00","1,420.00","1,426.00","1,426.00",0.00,0.00,"1,427.38",640.00,"1,426.00","913,521.00",33,0.00,20.00,0.00,1.41,-0.10,"3,540.00","1,420.00"
152,NFS,38.94,285.00,289.00,285.00,289.00,289.00,0.00,0.00,287.55,"3,565.00",288.60,"1,025,122.00",25,0.40,4.00,0.14,1.40,0.50,390.00,240.40
153,NGPL,31.27,195.00,198.80,195.00,196.00,196.00,0.00,0.00,195.57,"13,367.00",197.00,"2,614,188.20",73,-1.00,3.80,-0.51,1.95,0.22,340.00,185.80
154,NHDL,49.18,333.00,345.00,327.20,340.00,340.00,0.00,0.00,336.07,"1,464.00",338.60,"492,007.50",19,1.40,17.80,0.41,5.44,1.16,431.00,299.00
155,NHPC,48.32,132.30,135.40,132.30,132.60,132.60,0.00,0.00,134.04,"42,399.00",134.00,"5,683,285.30",201,-1.40,3.10,-1.04,2.34,-1.09,286.20,126.00
156,NIBLGF,43.40,7.38,7.54,7.38,7.42,7.42,0.00,0.00,7.45,"12,400.00",7.40,"92,409.00",9,0.02,0.16,0.27,2.17,-0.44,10.64,7.19
157,NIBLPF,37.33,9.01,9.10,9.00,9.00,9.00,0.00,0.00,9.02,"6,400.00",9.18,"57,735.00",5,-0.18,0.10,-1.96,1.11,-0.23,10.13,7.82
158,NIBSF2,26.17,7.00,7.00,7.00,7.00,7.00,0.00,0.00,7.00,"1,500.00",7.14,"10,500.00",7,-0.14,0.00,-1.96,0.00,0.00,9.49,6.60
159,NICA,40.32,497.00,500.00,495.00,495.60,495.60,0.00,0.00,496.03,"12,300.00",498.90,"6,101,174.90",157,-3.30,5.00,-0.66,1.01,-0.09,861.90,490.10
160,NICAD8283,34.94,"1,025.00","1,025.00","1,025.00","1,025.00","1,025.00",0.00,0.00,"1,025.00",100.00,"1,030.00","102,500.00",1,-5.00,0.00,-0.49,0.00,0.00,"1,170.00",927.50
161,NICBF,43.22,8.24,8.24,8.20,8.20,8.20,0.00,0.00,8.22,640.00,8.10,"5,257.60",2,0.10,0.04,1.23,0.49,-0.18,10.31,7.99
162,NICFC,29.69,7.90,8.10,7.90,8.00,8.00,0.00,0.00,8.03,"2,400.00",8.05,"19,266.00",12,-0.05,0.20,-0.62,2.53,-0.34,10.17,7.45
163,NICL,41.04,780.00,795.00,770.00,790.00,790.00,0.00,0.00,783.56,"11,734.00",780.00,"9,194,297.50",64,10.00,25.00,1.28,3.25,0.82,907.00,395.70
164,NICLBSL,37.38,566.50,589.00,560.10,575.00,575.00,0.00,0.00,567.49,"4,545.00",578.00,"2,579,245.90",81,-3.00,28.90,-0.52,5.16,1.31,878.00,516.00
165,NICSF,30.72,8.20,8.20,8.14,8.20,8.20,0.00,0.00,8.20,"13,850.00",8.15,"113,544.00",11,0.05,0.06,0.61,0.74,0.02,9.49,7.40
166,NIFRA,32.23,183.30,185.00,182.60,183.50,183.50,0.00,0.00,183.46,"33,745.00",185.00,"6,190,783.10",325,-1.50,2.40,-0.81,1.31,0.02,261.00,176.90
167,NIL,33.59,785.00,790.00,774.00,780.50,780.50,0.00,0.00,780.75,"5,941.00",776.00,"4,638,440.50",62,4.50,16.00,0.58,2.07,-0.03,946.00,699.00
168,NIMB,31.28,174.10,176.90,173.60,174.70,174.70,0.00,0.00,174.49,"38,021.00",174.60,"6,634,118.50",187,0.10,3.30,0.06,1.90,0.12,232.20,170.10
169,NIMBPO,22.79,141.10,141.10,141.00,141.10,141.10,0.00,0.00,141.10,237.00,142.00,"33,439.70",4,-0.90,0.10,-0.63,0.07,0.00,189.30,107.10
170,NLBBL,41.78,489.00,496.00,480.00,480.00,480.00,0.00,0.00,485.30,"2,554.00",489.00,"1,239,460.10",39,-9.00,16.00,-1.84,3.33,-1.10,"1,060.80",480.00
171,NLG,48.79,744.50,752.00,740.00,752.00,752.00,0.00,0.00,746.70,"4,124.00",730.80,"3,079,385.00",33,21.20,12.00,2.90,1.62,0.70,940.00,455.00
172,NLIC,34.07,651.00,653.00,646.00,648.00,648.00,0.00,0.00,648.32,"17,214.00",651.00,"11,160,164.70",158,-3.00,7.00,-0.46,1.08,-0.05,820.00,593.00
173,NLICL,42.02,553.00,563.00,551.00,560.00,560.00,0.00,0.00,556.87,"5,821.00",562.00,"3,241,525.00",62,-2.00,12.00,-0.36,2.18,0.56,705.00,492.00
174,NMB,41.66,195.00,195.00,194.00,194.30,194.30,0.00,0.00,194.47,"39,066.00",194.70,"7,597,233.80",127,-0.40,1.00,-0.21,0.52,-0.09,268.20,194.00
175,NMB50,51.30,9.10,9.10,9.00,9.00,9.00,0.00,0.00,9.08,"52,375.00",9.15,"475,592.50",9,-0.15,0.10,-1.64,1.11,-0.89,11.50,8.28
176,NMBD87/88,50.84,845.00,847.00,845.00,847.00,847.00,0.00,0.00,846.00,50.00,831.10,"42,300.00",2,15.90,2.00,1.91,0.24,0.12,980.00,747.10
177,NMBMF,39.05,471.00,474.00,465.10,474.00,474.00,0.00,0.00,466.43,218.00,471.00,"101,681.50",7,3.00,8.90,0.64,1.91,1.60,830.00,463.60
178,NMFBS,34.75,924.10,930.00,910.00,915.00,915.00,0.00,0.00,919.72,332.00,906.00,"305,346.20",10,9.00,20.00,0.99,2.20,-0.52,"2,420.00",901.00
179,NRIC,29.52,615.00,618.00,610.00,618.00,618.00,0.00,0.00,612.89,"8,292.00",608.10,"5,082,097.20",141,9.90,8.00,1.63,1.31,0.83,927.00,585.00
180,NRM,44.89,226.00,239.00,226.00,233.90,233.90,0.00,0.00,231.09,"16,925.00",230.50,"3,911,172.50",384,3.40,13.00,1.48,5.75,1.20,354.70,205.90
181,NRN,35.26,291.00,300.00,285.00,299.20,299.20,0.00,0.00,294.05,"55,316.00",286.20,"16,265,916.50",339,13.00,15.00,4.54,5.26,1.72,580.00,280.60
182,NSIF2,42.87,8.63,8.63,8.63,8.63,8.63,0.00,0.00,8.63,"1,000.00",8.63,"8,630.00",6,0.00,0.00,0.00,0.00,0.00,10.00,7.31
183,NTC,36.17,851.00,855.00,848.00,852.00,852.00,0.00,0.00,850.14,"18,921.00",853.00,"16,085,447.30",186,-1.00,7.00,-0.12,0.83,0.22,985.00,758.00
184,NUBL,51.49,553.70,579.90,546.00,576.00,576.00,0.00,0.00,565.68,"6,038.00",556.50,"3,415,599.60",62,19.50,33.90,3.50,6.21,1.79,"1,132.00",512.10
185,NYADI,35.19,200.00,204.00,193.00,196.90,196.90,0.00,0.00,201.41,"2,280.00",200.00,"459,206.00",28,-3.10,11.00,-1.55,5.70,-2.29,372.30,176.40
186,OHL,32.92,731.10,748.50,731.10,748.00,748.00,0.00,0.00,735.85,"1,137.00",743.00,"836,666.70",15,5.00,17.40,0.67,2.38,1.62,842.00,467.30
187,PBD88,47.12,936.00,972.90,935.20,972.90,972.90,0.00,0.00,946.00,608.00,930.00,"575,167.20",8,42.90,37.70,4.61,4.03,2.77,988.00,790.10
188,PBLD84,34.41,"1,014.90","1,015.00",995.00,995.00,995.00,0.00,0.00,"1,013.33",120.00,"1,019.00","121,599.00",3,-24.00,20.00,-2.36,2.01,-1.84,"1,090.80",851.00
189,PCBL,30.64,187.00,187.50,185.00,187.50,187.50,0.00,0.00,186.05,"24,336.00",186.90,"4,527,821.00",102,0.60,2.50,0.32,1.35,0.77,247.00,176.00
190,PCBLP,33.14,144.10,144.10,144.10,144.10,144.10,0.00,0.00,144.10,"180,105.00",144.10,"25,953,130.50",2,0.00,0.00,0.00,0.00,0.00,147.00,120.00
191,PFL,42.44,327.50,333.50,327.00,328.00,328.00,0.00,0.00,328.24,"3,653.00",327.60,"1,199,065.30",22,0.40,6.50,0.12,1.99,-0.07,453.60,314.30
192,PHCL,46.51,224.00,232.00,221.30,230.00,230.00,0.00,0.00,225.40,"11,750.00",228.00,"2,648,483.00",198,2.00,10.70,0.88,4.84,2.00,416.10,196.90
193,PMHPL,38.34,200.00,201.00,195.10,197.10,197.10,0.00,0.00,197.52,"3,380.00",199.00,"667,624.00",27,-1.90,5.90,-0.95,3.02,-0.21,288.20,151.50
194,PPCL,43.79,200.10,205.00,196.00,202.00,202.00,0.00,0.00,198.28,"7,522.00",200.00,"1,491,449.70",52,2.00,9.00,1.00,4.59,1.84,389.30,196.00
195,PPL,46.03,221.10,221.10,213.10,214.30,214.30,0.00,0.00,215.65,"3,810.00",217.00,"821,642.40",87,-2.70,8.00,-1.24,3.75,-0.63,336.00,190.00
196,PRIN,28.19,647.00,657.00,640.30,651.00,651.00,0.00,0.00,644.19,400.00,647.00,"257,675.20",11,4.00,16.70,0.62,2.61,1.05,798.00,378.00
197,PROFL,40.74,275.00,281.50,273.40,278.80,278.80,0.00,0.00,276.03,"9,033.00",278.00,"2,493,376.80",76,0.80,8.10,0.29,2.96,0.99,465.00,265.00
198,PRSF,43.44,7.70,8.10,7.70,8.00,8.00,0.00,0.00,7.93,"37,955.00",7.79,"301,068.00",13,0.21,0.40,2.70,5.19,0.85,10.06,7.45
199,PRVU,45.03,155.00,158.00,155.00,156.00,156.00,0.00,0.00,156.07,"48,592.00",155.70,"7,583,679.70",197,0.30,3.00,0.19,1.94,-0.04,228.00,152.30
200,PSF,28.76,7.45,7.99,7.45,7.50,7.50,0.00,0.00,7.69,"11,550.00",7.55,"88,790.00",9,-0.05,0.54,-0.66,7.25,-2.50,9.83,7.15
201,RADHI,37.52,205.00,207.00,205.00,206.00,206.00,0.00,0.00,205.73,"11,064.00",205.60,"2,276,182.70",55,0.40,2.00,0.19,0.98,0.13,306.00,195.30
202,RAWA,39.06,382.90,382.90,364.10,372.00,372.00,0.00,0.00,375.22,"5,845.00",376.30,"2,193,142.00",58,-4.30,18.80,-1.14,5.16,-0.86,422.00,249.30
203,RBCL,36.79,"13,530.00","13,550.00","13,410.00","13,550.00","13,550.00",0.00,0.00,"13,491.08",130.00,"13,430.00","1,753,840.00",10,120.00,140.00,0.89,1.04,0.43,"17,140.00","12,200.00"
204,RBCLPO,37.87,"10,534.00","10,744.60","10,530.00","10,709.00","10,709.00",0.00,0.00,"10,629.40",40.00,"10,328.00","425,176.00",4,381.00,214.60,3.69,2.04,0.74,"15,909.90","9,860.00"
205,RFPL,43.41,202.00,210.00,201.70,209.00,209.00,0.00,0.00,205.89,980.00,205.30,"201,770.00",83,3.70,8.30,1.80,4.12,1.49,325.00,193.80
206,RHGCL,39.13,191.70,203.00,191.70,197.90,197.90,0.00,0.00,196.53,"1,550.00",195.00,"304,627.00",66,2.90,11.30,1.49,5.89,0.69,406.00,184.50
207,RHPL,29.11,242.80,250.00,242.80,249.00,249.00,0.00,0.00,245.53,"3,940.00",247.00,"967,407.00",63,2.00,7.20,0.81,2.97,1.39,371.00,220.60
208,RIDI,52.43,180.50,183.60,177.00,183.00,183.00,0.00,0.00,180.33,"33,851.00",177.00,"6,104,510.50",120,6.00,6.60,3.39,3.73,1.46,619.00,176.60
209,RLFL,28.44,312.00,315.00,308.10,313.00,313.00,0.00,0.00,311.69,"5,311.00",316.00,"1,655,371.40",45,-3.00,6.90,-0.95,2.24,0.42,404.00,268.00
210,RMF1,49.96,7.15,7.30,7.15,7.20,7.20,0.00,0.00,7.21,"20,200.00",7.16,"145,720.00",15,0.04,0.15,0.56,2.10,-0.19,8.47,6.82
211,RMF2,48.12,7.40,7.52,7.40,7.52,7.52,0.00,0.00,7.44,500.00,7.40,"3,720.00",5,0.12,0.12,1.62,1.62,1.06,10.64,7.23
212,RNLI,50.43,474.50,491.00,472.00,488.10,488.10,0.00,0.00,484.25,"151,676.00",474.50,"73,449,017.50","2,579",13.60,19.00,2.87,4.03,0.79,535.20,390.00
213,RSDC,46.15,490.10,499.00,482.30,499.00,499.00,0.00,0.00,489.73,"5,351.00",498.90,"2,620,523.70",50,0.10,16.70,0.02,3.46,1.86,693.00,461.00
214,RURU,34.51,701.00,710.00,688.00,688.00,688.00,0.00,0.00,699.66,365.00,710.00,"255,377.20",14,-22.00,22.00,-3.10,3.20,-1.70,875.00,674.30
215,SABSL,44.17,585.00,585.00,550.90,550.90,550.90,0.00,0.00,561.98,83.00,579.80,"46,644.10",5,-28.90,34.10,-4.98,6.19,-2.01,"1,083.00",522.60
216,SADBL,37.64,270.00,273.90,266.00,270.00,270.00,0.00,0.00,267.67,"2,794.00",270.00,"747,866.00",26,0.00,7.90,0.00,2.97,0.86,367.20,263.50
217,SAEF,31.43,9.47,9.47,9.23,9.39,9.39,0.00,0.00,9.38,"31,580.00",9.29,"296,064.00",12,0.10,0.24,1.08,2.60,0.16,12.30,8.85
218,SAGF,36.61,7.70,7.80,7.70,7.80,7.80,0.00,0.00,7.79,"1,400.00",7.85,"10,910.00",10,-0.05,0.10,-0.64,1.30,0.09,10.00,7.20
219,SAHAS,37.85,445.00,456.00,439.00,450.00,450.00,0.00,0.00,446.59,"7,256.00",445.00,"3,240,468.00",204,5.00,17.00,1.12,3.87,0.76,616.00,402.80
220,SALICO,30.50,659.90,659.90,652.00,659.80,659.80,0.00,0.00,654.23,120.00,660.00,"78,507.00",8,-0.20,7.90,-0.03,1.21,0.84,805.00,551.40
221,SAMAJ,36.80,124.40,124.40,124.40,124.40,124.40,0.00,0.00,124.40,10.00,122.00,"1,244.00",1,2.40,0.00,1.97,0.00,0.00,124.40,64.80
222,SANIMA,35.62,235.00,236.00,234.00,235.50,235.50,0.00,0.00,234.97,"24,932.00",234.90,"5,858,320.60",111,0.60,2.00,0.26,0.85,0.22,310.00,222.00
223,SAPDBL,38.10,227.10,229.50,227.10,229.50,229.50,0.00,0.00,228.56,"1,058.00",228.80,"241,820.80",9,0.70,2.40,0.31,1.06,0.41,305.00,211.20
224,SBCF,32.11,7.70,7.71,7.40,7.40,7.40,0.00,0.00,7.64,"4,500.00",7.85,"34,360.00",7,-0.45,0.31,-5.73,4.19,-3.18,9.68,6.85
225,SBD87,47.14,850.00,850.00,850.00,850.00,850.00,0.00,0.00,850.00,10.00,835.00,"8,500.00",1,15.00,0.00,1.80,0.00,0.00,857.90,739.30
226,SBI,39.66,290.50,296.20,287.00,289.00,289.00,0.00,0.00,289.50,"18,142.00",290.50,"5,252,073.50",67,-1.50,9.20,-0.52,3.21,-0.17,378.40,269.90
227,SBID83,43.13,994.50,999.80,960.00,999.80,999.80,0.00,0.00,977.06,495.00,975.00,"483,647.00",11,24.80,39.80,2.54,4.15,2.27,"1,000.00",851.00
228,SBL,40.56,224.10,229.10,224.10,228.90,228.90,0.00,0.00,227.80,"10,290.00",228.00,"2,344,053.30",56,0.90,5.00,0.39,2.23,0.48,341.50,223.00
229,SBLD83,41.85,"1,013.40","1,013.40","1,013.40","1,013.40","1,013.40",0.00,0.00,"1,013.40",10.00,"1,034.00","10,134.00",1,-20.60,0.00,-1.99,0.00,0.00,"1,098.50",905.00
230,SCB,33.44,517.00,517.00,499.00,506.90,506.90,0.00,0.00,503.07,"14,724.00",507.00,"7,407,133.30",101,-0.10,18.00,-0.02,3.61,0.76,582.00,392.00
231,SDLBSL,44.02,519.30,531.00,519.20,531.00,531.00,0.00,0.00,523.46,121.00,526.00,"63,338.50",9,5.00,11.80,0.95,2.27,1.42,"1,080.00",519.20
232,SEF,24.55,7.90,7.90,7.90,7.90,7.90,0.00,0.00,7.90,100.00,7.75,790.00,1,0.15,0.00,1.94,0.00,0.00,9.43,7.16
233,SFCL,41.28,270.00,273.00,268.30,268.30,268.30,0.00,0.00,270.38,"3,564.00",270.00,"963,625.40",17,-1.70,4.70,-0.63,1.75,-0.77,375.00,237.10
234,SFEF,30.53,7.70,7.85,7.70,7.81,7.81,0.00,0.00,7.78,700.00,7.85,"5,448.00",7,-0.04,0.15,-0.51,1.95,0.35,10.00,7.35
235,SFMF,37.42,9.23,9.23,9.05,9.05,9.05,0.00,0.00,9.05,"58,131.00",9.23,"526,318.25",7,-0.18,0.18,-1.95,1.99,-0.04,11.67,8.73
236,SGHC,52.93,221.00,226.00,214.20,225.00,225.00,0.00,0.00,221.95,"6,501.00",224.90,"1,442,883.00",132,0.10,11.80,0.04,5.51,1.36,411.60,205.10
237,SGIC,40.98,468.00,470.00,459.60,468.00,468.00,0.00,0.00,466.38,"35,342.00",460.00,"16,482,677.90",220,8.00,10.40,1.74,2.26,0.35,710.90,374.80
238,SHEL,40.52,280.50,280.50,247.50,249.90,249.90,0.00,0.00,249.74,"8,840.00",275.00,"2,207,738.00",152,-25.10,33.00,-9.13,13.33,0.06,403.90,193.20
239,SHINE,49.72,355.00,355.00,349.00,353.00,353.00,0.00,0.00,351.08,"22,865.00",349.90,"8,027,452.60",93,3.10,6.00,0.89,1.72,0.54,424.00,300.20
240,SHIVM,35.09,446.90,464.80,446.90,454.00,454.00,0.00,0.00,456.20,"43,878.00",456.00,"20,017,020.10",339,-2.00,17.90,-0.44,4.01,-0.48,680.00,389.80
241,SHL,30.52,419.00,421.90,416.00,417.00,417.00,0.00,0.00,417.87,"38,533.00",420.00,"16,101,758.80",118,-3.00,5.90,-0.71,1.42,-0.21,536.00,200.10
242,SHLB,41.09,786.00,800.00,786.00,800.00,800.00,0.00,0.00,789.12,130.00,800.00,"102,585.00",13,0.00,14.00,0.00,1.78,1.36,"2,485.20",778.00
243,SHPC,30.75,308.50,310.00,307.00,308.00,308.00,0.00,0.00,308.09,"9,550.00",309.40,"2,942,238.13",60,-1.40,3.00,-0.45,0.98,-0.03,403.00,264.10
244,SICL,36.90,730.10,740.00,730.00,740.00,740.00,0.00,0.00,734.29,"4,365.00",735.00,"3,205,159.20",42,5.00,10.00,0.68,1.37,0.77,"1,010.00",682.00
245,SIFC,28.86,323.00,323.00,317.00,317.00,317.00,0.00,0.00,317.42,"2,079.00",318.00,"659,920.30",17,-1.00,6.00,-0.31,1.89,-0.13,408.00,273.10
246,SIGS2,30.45,7.87,8.02,7.87,8.01,8.01,0.00,0.00,7.88,"3,870.00",8.03,"30,485.90",4,-0.02,0.15,-0.25,1.91,1.65,9.65,6.92
247,SIKLES,47.92,380.00,395.00,371.60,395.00,395.00,0.00,0.00,377.51,"7,190.00",380.60,"2,714,272.00",70,14.40,23.40,3.78,6.30,4.43,510.00,315.00
248,SINDU,55.04,248.00,255.90,242.00,253.50,253.50,0.00,0.00,249.81,"6,975.00",246.00,"1,742,427.00",39,7.50,13.90,3.05,5.74,1.46,336.00,227.70
249,SJCL,33.07,245.00,248.00,242.00,243.40,243.40,0.00,0.00,244.60,"4,544.00",244.60,"1,111,441.40",66,-1.20,6.00,-0.49,2.48,-0.49,359.00,215.60
250,SJLIC,37.26,493.00,498.00,487.20,496.00,496.00,0.00,0.00,492.47,"13,854.00",492.00,"6,822,627.60",147,4.00,10.80,0.81,2.22,0.71,646.00,379.00
251,SKBBL,37.76,877.00,881.00,865.00,879.90,879.90,0.00,0.00,872.88,"2,897.00",877.00,"2,528,728.60",65,2.90,16.00,0.33,1.85,0.80,"1,325.00",755.00
252,SLBBL,42.29,572.00,594.00,560.10,584.90,584.90,0.00,0.00,575.69,"1,081.00",583.00,"622,319.00",21,1.90,33.90,0.33,6.05,1.57,"1,115.00",523.00
253,SLBSL,36.69,600.00,600.00,590.00,590.00,590.00,0.00,0.00,591.94,143.00,612.00,"84,647.20",4,-22.00,10.00,-3.59,1.69,-0.33,"1,402.00",590.00
254,SLCF,28.95,6.92,7.19,6.92,7.19,7.19,0.00,0.00,7.05,600.00,7.05,"4,231.00",4,0.14,0.27,1.99,3.90,1.92,9.01,6.87
255,SMATA,44.21,590.00,590.00,566.70,589.70,589.70,0.00,0.00,573.40,215.00,590.00,"123,280.30",9,-0.30,23.30,-0.05,4.11,2.76,915.00,552.00
256,SMB,41.33,849.60,849.60,849.00,849.00,849.00,0.00,0.00,849.24,25.00,833.00,"21,231.00",2,16.00,0.60,1.92,0.07,-0.03,"1,500.00",812.00
257,SMFBS,35.99,722.00,735.00,720.00,732.00,732.00,0.00,0.00,723.66,282.00,735.00,"204,071.00",14,-3.00,15.00,-0.41,2.08,1.14,"1,730.00",720.00
258,SMH,29.20,496.70,505.00,492.00,505.00,505.00,0.00,0.00,500.46,505.00,506.80,"252,734.00",21,-1.80,13.00,-0.36,2.64,0.90,649.00,391.00
259,SMHL,41.56,324.10,336.00,324.10,330.10,330.10,0.00,0.00,331.87,"2,140.00",330.00,"710,194.00",82,0.10,11.90,0.03,3.67,-0.54,506.00,299.00
260,SMJC,29.17,247.00,250.00,242.30,245.40,245.40,0.00,0.00,245.62,"8,440.00",252.00,"2,073,052.50",190,-6.60,7.70,-2.62,3.18,-0.09,367.40,215.00
261,SNLI,49.06,475.00,505.00,475.00,504.00,504.00,0.00,0.00,495.35,"147,396.00",478.90,"73,012,938.80","2,910",25.10,30.00,5.24,6.32,1.72,522.70,396.10
262,SONA,36.68,287.70,296.10,287.70,291.00,291.00,0.00,0.00,291.82,"106,939.00",293.50,"31,206,829.70","2,745",-2.50,8.40,-0.85,2.92,-0.28,350.00,230.00
263,SPC,39.57,334.00,346.00,334.00,340.00,340.00,0.00,0.00,341.56,390.00,339.30,"133,210.00",29,0.70,12.00,0.21,3.59,-0.46,583.40,307.80
264,SPDL,38.00,168.00,171.20,165.10,171.20,171.20,0.00,0.00,166.11,"7,836.00",167.90,"1,301,664.10",38,3.30,6.10,1.97,3.69,2.97,359.90,160.00
265,SPHL,40.02,397.60,402.00,382.20,385.00,385.00,0.00,0.00,387.64,"4,865.00",389.90,"1,885,886.10",55,-4.90,19.80,-1.26,5.18,-0.69,598.00,294.00
266,SPIL,29.67,701.00,701.00,681.50,683.50,683.50,0.00,0.00,687.23,"2,945.00",688.00,"2,023,890.30",51,-4.50,19.50,-0.65,2.86,-0.55,837.00,534.00
267,SPL,33.71,715.00,715.00,690.00,691.00,691.00,0.00,0.00,695.14,"1,320.00",708.50,"917,591.00",31,-17.50,25.00,-2.47,3.62,-0.60,"1,073.30",265.00
268,SRLI,53.98,445.00,469.00,445.00,465.00,465.00,0.00,0.00,457.38,"25,345.00",452.00,"11,592,171.40",351,13.00,24.00,2.88,5.39,1.64,619.90,389.00
269,SSHL,39.97,137.50,137.90,135.30,136.80,136.80,0.00,0.00,136.30,"5,944.00",137.70,"810,172.10",47,-0.90,2.60,-0.65,1.92,0.36,290.00,133.00
270,STC,29.35,"4,960.00","5,000.00","4,960.00","4,999.90","4,999.90",0.00,0.00,"4,975.91",782.00,"5,000.00","3,891,158.00",32,-0.10,40.00,0.00,0.81,0.48,"5,811.00","3,525.00"
271,SWBBL,41.22,712.10,725.50,711.40,714.00,714.00,0.00,0.00,715.18,"1,512.00",725.00,"1,081,350.30",29,-11.00,14.10,-1.52,1.98,-0.17,"1,406.00",686.10
272,SWMF,43.13,550.00,566.00,550.00,555.00,555.00,0.00,0.00,556.18,846.00,561.00,"470,525.00",16,-6.00,16.00,-1.07,2.91,-0.21,"1,001.00",539.10
273,SWMFPO,29.87,237.00,262.00,237.00,262.00,262.00,0.00,0.00,256.83,"4,835.00",342.00,"1,241,770.00",2,0.00,25.00,0.00,10.55,1.97,447.70,220.00
274,TAMOR,36.14,241.00,245.00,241.00,245.00,245.00,0.00,0.00,243.10,"6,915.00",242.50,"1,681,009.00",222,2.50,4.00,1.03,1.66,0.78,342.00,230.10
275,TPC,31.27,338.10,338.10,328.30,338.00,338.00,0.00,0.00,331.87,992.00,345.00,"329,216.30",28,-7.00,9.80,-2.03,2.99,1.81,465.00,301.20
276,TRH,28.63,750.00,753.50,746.00,746.00,746.00,0.00,0.00,748.54,"3,370.00",755.00,"2,522,581.40",28,-9.00,7.50,-1.19,1.01,-0.34,890.50,326.00
277,TSHL,45.48,382.50,385.90,368.20,373.10,373.10,0.00,0.00,375.08,"2,885.00",375.00,"1,082,116.00",71,-1.90,17.70,-0.51,4.81,-0.53,493.00,227.70
278,UAIL,52.83,547.00,562.00,546.00,561.00,561.00,0.00,0.00,553.07,"23,602.00",540.00,"13,053,672.50",163,21.00,16.00,3.89,2.93,1.41,651.40,470.50
279,UHEWA,41.34,268.00,270.00,262.50,270.00,270.00,0.00,0.00,265.91,"2,679.00",272.80,"712,372.30",53,-2.80,7.50,-1.03,2.86,1.51,481.00,250.80
280,ULBSL,40.07,945.00,960.00,945.00,960.00,960.00,0.00,0.00,954.36,155.00,963.00,"147,926.50",9,-3.00,15.00,-0.31,1.59,0.59,"3,951.40",944.80
281,ULHC,41.23,222.10,226.00,222.10,224.00,224.00,0.00,0.00,224.05,"5,630.00",226.00,"1,261,392.00",250,-2.00,3.90,-0.88,1.76,-0.02,301.50,217.10
282,UMHL,31.99,173.00,179.90,173.00,177.30,177.30,0.00,0.00,174.20,"7,858.00",175.00,"1,368,873.70",51,2.30,6.90,1.31,3.99,1.75,301.00,167.00
283,UMRH,36.87,275.20,280.70,269.00,279.00,279.00,0.00,0.00,272.82,"69,484.00",275.20,"18,956,375.70",207,3.80,11.70,1.38,4.35,2.22,590.00,261.30
284,UNHPL,44.77,164.00,166.00,162.00,163.50,163.50,0.00,0.00,162.41,"2,220.00",164.00,"360,543.00",26,-0.50,4.00,-0.30,2.47,0.67,266.00,156.00
285,UNL,33.25,"39,500.00","39,500.00","38,220.00","38,220.00","38,220.00",0.00,0.00,"38,517.81",160.00,"39,000.00","6,162,850.00",12,-780.00,"1,280.00",-2.00,3.35,-0.78,"45,151.00","18,000.00"
286,UNLB,44.96,950.00,965.00,934.00,952.20,952.20,0.00,0.00,950.61,400.00,950.00,"380,243.00",27,2.20,31.00,0.23,3.32,0.17,"2,135.10",922.00
287,UPCL,36.28,178.00,179.00,171.00,174.90,174.90,0.00,0.00,173.45,"65,359.00",177.00,"11,336,519.70",187,-2.10,8.00,-1.19,4.68,0.83,290.00,168.00
288,UPPER,33.75,197.00,197.80,193.00,194.00,194.00,0.00,0.00,195.48,"19,659.00",196.80,"3,842,851.30",183,-2.80,4.80,-1.42,2.49,-0.76,590.00,190.00
289,USHEC,48.97,240.00,243.00,234.00,242.00,242.00,0.00,0.00,237.28,"3,989.00",239.00,"946,492.00",92,3.00,9.00,1.26,3.85,1.95,400.00,208.20
290,USHL,33.31,327.10,357.50,327.10,333.00,333.00,0.00,0.00,334.95,"1,450.00",331.00,"485,684.00",66,2.00,30.40,0.60,9.29,-0.59,375.30,253.60
291,USLB,38.37,597.80,627.00,595.00,627.00,627.00,0.00,0.00,602.74,"2,685.00",610.00,"1,618,363.00",264,17.00,32.00,2.79,5.38,3.87,"1,085.00",595.00
292,VLBS,51.71,559.00,616.00,558.60,616.00,616.00,0.00,0.00,572.95,"2,288.00",570.00,"1,310,916.60",33,46.00,57.40,8.07,10.28,6.99,"1,014.30",546.10
293,WNLB,32.75,688.00,688.00,688.00,688.00,688.00,0.00,0.00,688.00,11.00,699.00,"7,568.00",1,-11.00,0.00,-1.57,0.00,0.00,"1,157.80",680.00
